;;;Sample Name:    Alumina piece for Jack, summer student working with Lorenzo
;;;AM Rate (Hz):    10.0000
;;;AM Percent:    100.0000
;;;Integration Per Step (sec):    4.0000
;;;
;;;Freq     SlidePos    TransAmp   TransAMPhase  TransAMFreq  ReflAmp  ReflAMPhase  ReflAMFreq
2.1030E+2	1.0000E+0	4.4706E-3	-1.7892E+2	9.9974E+0	7.4124E-8	4.6896E+1	9.9976E+0
2.1030E+2	5.0000E+0	4.1125E-7	-1.4648E+1	9.9974E+0	1.7359E-3	-1.7895E+2	9.9976E+0
2.1030E+2	3.0000E+0	2.4587E-3	-1.7890E+2	9.9974E+0	3.5071E-4	-1.7900E+2	9.9976E+0
2.1090E+2	1.0000E+0	4.3527E-3	-1.7889E+2	9.9974E+0	5.4725E-8	5.8292E+1	9.9976E+0
2.1090E+2	5.0000E+0	4.3110E-7	-6.3584E+0	9.9974E+0	1.3360E-3	-1.7887E+2	9.9976E+0
2.1090E+2	3.0000E+0	1.3529E-3	-1.7890E+2	9.9974E+0	5.8845E-4	-1.7886E+2	9.9976E+0
2.1150E+2	1.0000E+0	3.4549E-3	-1.7893E+2	9.9974E+0	6.3814E-8	-1.2556E+0	9.9976E+0
2.1150E+2	5.0000E+0	4.8625E-7	-1.6255E+1	9.9974E+0	9.4534E-4	-1.7889E+2	9.9976E+0
2.1150E+2	3.0000E+0	1.4027E-3	-1.7895E+2	9.9974E+0	3.1583E-4	-1.7888E+2	9.9976E+0
2.1210E+2	1.0000E+0	3.2551E-3	-1.7895E+2	9.9974E+0	7.7625E-8	5.4233E+1	9.9976E+0
2.1210E+2	5.0000E+0	3.1900E-7	7.2304E-1	9.9974E+0	9.0988E-4	-1.7895E+2	9.9976E+0
2.1210E+2	3.0000E+0	1.2541E-3	-1.7890E+2	9.9974E+0	3.0148E-4	-1.7901E+2	9.9976E+0
2.1270E+2	1.0000E+0	2.9920E-3	-1.7896E+2	9.9974E+0	6.6030E-8	2.1151E+1	9.9976E+0
2.1270E+2	5.0000E+0	3.1244E-7	5.4902E+0	9.9974E+0	6.3142E-4	-1.7894E+2	9.9976E+0
2.1270E+2	3.0000E+0	1.3261E-3	-1.7894E+2	9.9974E+0	1.7112E-4	-1.7882E+2	9.9976E+0
2.1330E+2	1.0000E+0	2.8447E-3	-1.7896E+2	9.9974E+0	7.0947E-8	2.5786E+1	9.9976E+0
2.1330E+2	5.0000E+0	3.5630E-7	-2.9595E+0	9.9974E+0	6.8611E-4	-1.7892E+2	9.9976E+0
2.1330E+2	3.0000E+0	1.0726E-3	-1.7895E+2	9.9974E+0	2.2707E-4	-1.7893E+2	9.9976E+0
2.1390E+2	1.0000E+0	3.0521E-3	-1.7895E+2	9.9974E+0	9.0823E-8	1.9718E+0	9.9976E+0
2.1390E+2	5.0000E+0	2.5401E-7	1.4559E+1	9.9974E+0	9.4456E-4	-1.7894E+2	9.9976E+0
2.1390E+2	3.0000E+0	1.3081E-3	-1.7894E+2	9.9974E+0	3.0756E-4	-1.7896E+2	9.9976E+0
2.1450E+2	1.0000E+0	2.9216E-3	-1.7897E+2	9.9974E+0	7.8268E-8	6.3654E+1	9.9976E+0
2.1450E+2	5.0000E+0	3.1504E-7	1.1682E+1	9.9974E+0	1.2463E-3	-1.7895E+2	9.9976E+0
2.1450E+2	3.0000E+0	1.0522E-3	-1.7896E+2	9.9974E+0	4.0007E-4	-1.7898E+2	9.9976E+0
2.1510E+2	1.0000E+0	3.1678E-3	-1.7897E+2	9.9974E+0	7.0983E-8	5.1089E+1	9.9976E+0
2.1510E+2	5.0000E+0	4.0738E-7	8.7904E+0	9.9974E+0	1.5379E-3	-1.7895E+2	9.9976E+0
2.1510E+2	3.0000E+0	1.4802E-3	-1.7899E+2	9.9974E+0	5.2140E-4	-1.7890E+2	9.9976E+0
2.1570E+2	1.0000E+0	3.5815E-3	-1.7896E+2	9.9974E+0	7.4903E-8	4.6501E+1	9.9976E+0
2.1570E+2	5.0000E+0	3.2409E-7	-3.8067E+0	9.9974E+0	1.9317E-3	-1.7892E+2	9.9976E+0
2.1570E+2	3.0000E+0	1.2715E-3	-1.7897E+2	9.9974E+0	9.2418E-4	-1.7891E+2	9.9976E+0
2.1630E+2	1.0000E+0	3.4508E-3	-1.7895E+2	9.9974E+0	8.3119E-8	5.9453E+1	9.9976E+0
2.1630E+2	5.0000E+0	3.3784E-7	-1.7730E+0	9.9974E+0	1.6994E-3	-1.7890E+2	9.9976E+0
2.1630E+2	3.0000E+0	1.4361E-3	-1.7890E+2	9.9974E+0	4.2183E-4	-1.7899E+2	9.9976E+0
2.1690E+2	1.0000E+0	3.9329E-3	-1.7894E+2	9.9974E+0	7.6594E-8	7.2694E+1	9.9976E+0
2.1690E+2	5.0000E+0	3.8039E-7	1.0690E+1	9.9974E+0	2.1521E-3	-1.7892E+2	9.9976E+0
2.1690E+2	3.0000E+0	1.8809E-3	-1.7895E+2	9.9974E+0	7.2173E-4	-1.7888E+2	9.9976E+0
2.1750E+2	1.0000E+0	5.9408E-3	-1.7895E+2	9.9974E+0	6.9878E-8	8.1814E+0	9.9976E+0
2.1750E+2	5.0000E+0	3.1425E-7	-5.6984E+0	9.9974E+0	3.7480E-3	-1.7895E+2	9.9976E+0
2.1750E+2	3.0000E+0	1.6830E-3	-1.7895E+2	9.9974E+0	2.0211E-3	-1.7895E+2	9.9976E+0
2.1810E+2	1.0000E+0	7.4875E-3	-1.7896E+2	9.9974E+0	7.1229E-8	1.4623E+1	9.9976E+0
2.1810E+2	5.0000E+0	3.0872E-7	1.1495E+0	9.9974E+0	4.7750E-3	-1.7895E+2	9.9976E+0
2.1810E+2	3.0000E+0	4.1689E-3	-1.7896E+2	9.9974E+0	8.6292E-4	-1.7896E+2	9.9976E+0
2.1870E+2	1.0000E+0	7.3538E-3	-1.7896E+2	9.9974E+0	7.4644E-8	6.6551E+1	9.9976E+0
2.1870E+2	5.0000E+0	3.0219E-7	-9.2921E+0	9.9974E+0	4.4962E-3	-1.7896E+2	9.9976E+0
2.1870E+2	3.0000E+0	3.5467E-3	-1.7895E+2	9.9974E+0	1.3746E-3	-1.7895E+2	9.9976E+0
2.1930E+2	1.0000E+0	8.0002E-3	-1.7896E+2	9.9974E+0	6.6557E-8	4.0425E+1	9.9976E+0
2.1930E+2	5.0000E+0	3.3577E-7	1.1019E+0	9.9974E+0	4.8662E-3	-1.7897E+2	9.9976E+0
2.1930E+2	3.0000E+0	2.1970E-3	-1.7895E+2	9.9974E+0	2.6425E-3	-1.7896E+2	9.9976E+0
2.1990E+2	1.0000E+0	8.3191E-3	-1.7897E+2	9.9974E+0	8.0022E-8	5.9610E+1	9.9976E+0
2.1990E+2	5.0000E+0	3.7603E-7	-9.0267E+0	9.9974E+0	4.9226E-3	-1.7897E+2	9.9976E+0
2.1990E+2	3.0000E+0	4.1855E-3	-1.7897E+2	9.9974E+0	1.4851E-3	-1.7897E+2	9.9976E+0
2.2050E+2	1.0000E+0	8.9565E-3	-1.7899E+2	9.9974E+0	7.8167E-8	3.0156E+1	9.9976E+0
2.2050E+2	5.0000E+0	3.4788E-7	6.8804E+0	9.9974E+0	5.3475E-3	-1.7899E+2	9.9976E+0
2.2050E+2	3.0000E+0	5.2498E-3	-1.7898E+2	9.9974E+0	1.1898E-3	-1.7898E+2	9.9976E+0
2.2110E+2	1.0000E+0	7.8139E-3	-1.7899E+2	9.9974E+0	1.0052E-7	6.6877E+1	9.9976E+0
2.2110E+2	5.0000E+0	4.8490E-7	1.9651E+1	9.9974E+0	4.5261E-3	-1.7899E+2	9.9976E+0
2.2110E+2	3.0000E+0	2.5071E-3	-1.7899E+2	9.9974E+0	2.8864E-3	-1.7899E+2	9.9976E+0
2.2170E+2	1.0000E+0	9.7762E-3	-1.7900E+2	9.9974E+0	9.4282E-8	3.8058E+1	9.9976E+0
2.2170E+2	5.0000E+0	3.4359E-7	8.0185E+0	9.9974E+0	5.8117E-3	-1.7900E+2	9.9976E+0
2.2170E+2	3.0000E+0	4.0615E-3	-1.7900E+2	9.9974E+0	2.1907E-3	-1.7900E+2	9.9976E+0
2.2230E+2	1.0000E+0	9.2915E-3	-1.7899E+2	9.9974E+0	7.6289E-8	4.0344E+1	9.9976E+0
2.2230E+2	5.0000E+0	2.9521E-7	1.0115E+1	9.9974E+0	5.4255E-3	-1.7900E+2	9.9976E+0
2.2230E+2	3.0000E+0	6.4574E-3	-1.7899E+2	9.9974E+0	6.9708E-4	-1.7900E+2	9.9976E+0
2.2290E+2	1.0000E+0	8.8444E-3	-1.7899E+2	9.9974E+0	6.3612E-8	3.6560E+1	9.9976E+0
2.2290E+2	5.0000E+0	3.7940E-7	1.1903E+1	9.9974E+0	5.1875E-3	-1.7899E+2	9.9976E+0
2.2290E+2	3.0000E+0	2.8082E-3	-1.7898E+2	9.9974E+0	2.8992E-3	-1.7899E+2	9.9976E+0
2.2350E+2	1.0000E+0	1.0155E-2	-1.7899E+2	9.9974E+0	8.8065E-8	1.3603E+1	9.9976E+0
2.2350E+2	5.0000E+0	7.3238E-7	7.3648E+0	9.9974E+0	5.8651E-3	-1.7899E+2	9.9976E+0
2.2350E+2	3.0000E+0	3.6459E-3	-1.7899E+2	9.9974E+0	2.5381E-3	-1.7899E+2	9.9976E+0
2.2410E+2	1.0000E+0	9.5949E-3	-1.7898E+2	9.9974E+0	7.8966E-8	6.0481E+1	9.9976E+0
2.2410E+2	5.0000E+0	3.1580E-7	-7.1133E+0	9.9974E+0	5.3065E-3	-1.7899E+2	9.9976E+0
2.2410E+2	3.0000E+0	6.3121E-3	-1.7898E+2	9.9974E+0	3.0628E-4	-1.7901E+2	9.9976E+0
2.2470E+2	1.0000E+0	7.0582E-3	-1.7897E+2	9.9974E+0	7.7055E-8	2.9279E+1	9.9976E+0
2.2470E+2	5.0000E+0	3.3370E-7	-2.7262E+0	9.9974E+0	3.7750E-3	-1.7897E+2	9.9976E+0
2.2470E+2	3.0000E+0	2.2573E-3	-1.7896E+2	9.9974E+0	1.8414E-3	-1.7897E+2	9.9976E+0
2.2530E+2	1.0000E+0	5.9334E-3	-1.7899E+2	9.9974E+0	7.4990E-8	4.2712E+1	9.9976E+0
2.2530E+2	5.0000E+0	7.3469E-7	-8.8349E+0	9.9974E+0	3.0230E-3	-1.7899E+2	9.9976E+0
2.2530E+2	3.0000E+0	1.8750E-3	-1.7899E+2	9.9974E+0	1.4119E-3	-1.7898E+2	9.9976E+0
2.2590E+2	1.0000E+0	1.1629E-2	-1.7901E+2	9.9974E+0	6.8391E-8	5.7299E+0	9.9976E+0
2.2590E+2	5.0000E+0	3.1180E-7	2.4855E+1	9.9974E+0	6.6443E-3	-1.7902E+2	9.9976E+0
2.2590E+2	3.0000E+0	8.1593E-3	-1.7901E+2	9.9974E+0	1.2638E-4	-1.7903E+2	9.9976E+0
2.2650E+2	1.0000E+0	1.2162E-2	-1.7901E+2	9.9974E+0	7.4391E-8	5.3150E+1	9.9976E+0
2.2650E+2	5.0000E+0	3.3579E-7	-1.9591E+1	9.9974E+0	6.8976E-3	-1.7902E+2	9.9976E+0
2.2650E+2	3.0000E+0	4.7507E-3	-1.7900E+2	9.9974E+0	3.2922E-3	-1.7902E+2	9.9976E+0
2.2710E+2	1.0000E+0	1.1950E-2	-1.7901E+2	9.9974E+0	7.9242E-8	3.2484E+1	9.9976E+0
2.2710E+2	5.0000E+0	1.7431E-6	-4.1999E+1	9.9974E+0	6.5211E-3	-1.7902E+2	9.9976E+0
2.2710E+2	3.0000E+0	3.9008E-3	-1.7901E+2	9.9974E+0	3.7373E-3	-1.7902E+2	9.9976E+0
2.2770E+2	1.0000E+0	1.3437E-2	-1.7901E+2	9.9974E+0	7.3755E-8	1.1287E+1	9.9976E+0
2.2770E+2	5.0000E+0	3.2659E-7	-4.6101E+0	9.9974E+0	7.3280E-3	-1.7902E+2	9.9976E+0
2.2770E+2	3.0000E+0	8.7100E-3	-1.7902E+2	9.9974E+0	4.8090E-4	-1.7902E+2	9.9976E+0
2.2830E+2	1.0000E+0	1.4880E-2	-1.7901E+2	9.9974E+0	6.3338E-8	6.0599E+1	9.9976E+0
2.2830E+2	5.0000E+0	3.4218E-7	-9.9929E+0	9.9974E+0	7.7736E-3	-1.7901E+2	9.9976E+0
2.2830E+2	3.0000E+0	6.7064E-3	-1.7902E+2	9.9974E+0	3.3656E-3	-1.7901E+2	9.9976E+0
2.2890E+2	1.0000E+0	1.4516E-2	-1.7901E+2	9.9974E+0	7.9950E-8	4.7461E+1	9.9976E+0
2.2890E+2	5.0000E+0	3.4015E-7	-1.0524E+1	9.9974E+0	7.3845E-3	-1.7902E+2	9.9976E+0
2.2890E+2	3.0000E+0	4.5781E-3	-1.7901E+2	9.9974E+0	4.2791E-3	-1.7902E+2	9.9976E+0
2.2950E+2	1.0000E+0	1.5606E-2	-1.7901E+2	9.9974E+0	8.1228E-8	5.7041E+1	9.9976E+0
2.2950E+2	5.0000E+0	6.9834E-7	-3.9812E+0	9.9974E+0	7.7038E-3	-1.7901E+2	9.9976E+0
2.2950E+2	3.0000E+0	9.0703E-3	-1.7901E+2	9.9974E+0	1.2211E-3	-1.7901E+2	9.9976E+0
2.3010E+2	1.0000E+0	1.6977E-2	-1.7901E+2	9.9974E+0	7.3452E-8	2.4759E+0	9.9976E+0
2.3010E+2	5.0000E+0	3.1740E-7	3.0109E+1	9.9974E+0	7.9126E-3	-1.7901E+2	9.9976E+0
2.3010E+2	3.0000E+0	8.9818E-3	-1.7900E+2	9.9974E+0	2.7990E-3	-1.7901E+2	9.9976E+0
2.3070E+2	1.0000E+0	1.6817E-2	-1.7901E+2	9.9974E+0	8.5834E-8	3.2415E+1	9.9976E+0
2.3070E+2	5.0000E+0	5.5157E-7	1.9776E+1	9.9974E+0	7.6037E-3	-1.7901E+2	9.9976E+0
2.3070E+2	3.0000E+0	5.0777E-3	-1.7900E+2	9.9974E+0	4.1418E-3	-1.7901E+2	9.9976E+0
2.3130E+2	1.0000E+0	1.5993E-2	-1.7901E+2	9.9974E+0	8.9610E-8	7.5275E+1	9.9976E+0
2.3130E+2	5.0000E+0	3.8024E-7	-1.1174E+0	9.9974E+0	6.6271E-3	-1.7902E+2	9.9976E+0
2.3130E+2	3.0000E+0	8.1310E-3	-1.7901E+2	9.9974E+0	1.7979E-3	-1.7901E+2	9.9976E+0
2.3190E+2	1.0000E+0	1.5633E-2	-1.7901E+2	9.9974E+0	6.5935E-8	6.4437E+1	9.9976E+0
2.3190E+2	5.0000E+0	4.2641E-7	8.3878E+0	9.9974E+0	6.1484E-3	-1.7902E+2	9.9976E+0
2.3190E+2	3.0000E+0	9.3224E-3	-1.7902E+2	9.9974E+0	1.5061E-3	-1.7902E+2	9.9976E+0
2.3250E+2	1.0000E+0	1.5316E-2	-1.7902E+2	9.9974E+0	8.0484E-8	2.9066E+1	9.9976E+0
2.3250E+2	5.0000E+0	3.3972E-7	-2.8286E+1	9.9974E+0	5.8480E-3	-1.7902E+2	9.9976E+0
2.3250E+2	3.0000E+0	4.7964E-3	-1.7902E+2	9.9974E+0	3.2935E-3	-1.7903E+2	9.9976E+0
2.3310E+2	1.0000E+0	1.4301E-2	-1.7902E+2	9.9974E+0	7.3683E-8	4.6090E+1	9.9976E+0
2.3310E+2	5.0000E+0	4.0589E-7	7.4001E-1	9.9974E+0	5.0612E-3	-1.7902E+2	9.9976E+0
2.3310E+2	3.0000E+0	6.2251E-3	-1.7902E+2	9.9974E+0	1.8040E-3	-1.7903E+2	9.9976E+0
2.3370E+2	1.0000E+0	1.2484E-2	-1.7902E+2	9.9974E+0	8.6963E-8	4.6537E+1	9.9976E+0
2.3370E+2	5.0000E+0	3.8281E-7	-1.9683E+1	9.9974E+0	4.4566E-3	-1.7903E+2	9.9976E+0
2.3370E+2	3.0000E+0	8.2402E-3	-1.7902E+2	9.9974E+0	5.7016E-4	-1.7903E+2	9.9976E+0
2.3430E+2	1.0000E+0	1.2349E-2	-1.7903E+2	9.9974E+0	6.8759E-8	3.5956E+1	9.9976E+0
2.3430E+2	5.0000E+0	3.4187E-7	5.5130E+0	9.9974E+0	4.0107E-3	-1.7903E+2	9.9976E+0
2.3430E+2	3.0000E+0	3.7571E-3	-1.7902E+2	9.9974E+0	2.1467E-3	-1.7903E+2	9.9976E+0
2.3490E+2	1.0000E+0	1.0950E-2	-1.7902E+2	9.9974E+0	7.0918E-8	3.2625E+1	9.9976E+0
2.3490E+2	5.0000E+0	4.1678E-7	9.3197E-1	9.9974E+0	3.6476E-3	-1.7903E+2	9.9976E+0
2.3490E+2	3.0000E+0	4.1731E-3	-1.7902E+2	9.9974E+0	1.4959E-3	-1.7902E+2	9.9976E+0
2.3550E+2	1.0000E+0	9.9803E-3	-1.7902E+2	9.9974E+0	7.3640E-8	5.2799E+1	9.9976E+0
2.3550E+2	5.0000E+0	3.0455E-7	5.5883E+0	9.9974E+0	3.1653E-3	-1.7902E+2	9.9976E+0
2.3550E+2	3.0000E+0	6.4631E-3	-1.7901E+2	9.9974E+0	1.5584E-4	-1.7903E+2	9.9976E+0
2.3610E+2	1.0000E+0	9.1630E-3	-1.7901E+2	9.9974E+0	6.1547E-8	-7.5170E+0	9.9976E+0
2.3610E+2	5.0000E+0	3.2548E-7	-2.7957E+1	9.9974E+0	2.9263E-3	-1.7902E+2	9.9976E+0
2.3610E+2	3.0000E+0	3.0775E-3	-1.7901E+2	9.9974E+0	1.5194E-3	-1.7902E+2	9.9976E+0
2.3670E+2	1.0000E+0	8.6999E-3	-1.7901E+2	9.9974E+0	7.9105E-8	-2.2054E+0	9.9976E+0
2.3670E+2	5.0000E+0	2.5332E-7	4.1800E+0	9.9974E+0	2.9213E-3	-1.7901E+2	9.9976E+0
2.3670E+2	3.0000E+0	2.8807E-3	-1.7901E+2	9.9974E+0	1.3483E-3	-1.7902E+2	9.9976E+0
2.3730E+2	1.0000E+0	7.8231E-3	-1.7901E+2	9.9974E+0	7.8340E-8	1.0963E+1	9.9976E+0
2.3730E+2	5.0000E+0	2.8547E-7	2.6580E+0	9.9974E+0	2.5487E-3	-1.7902E+2	9.9976E+0
2.3730E+2	3.0000E+0	5.2117E-3	-1.7901E+2	9.9974E+0	4.6460E-5	-1.7904E+2	9.9976E+0
2.3790E+2	1.0000E+0	6.7983E-3	-1.7902E+2	9.9974E+0	6.5121E-8	6.7176E+1	9.9976E+0
2.3790E+2	5.0000E+0	3.1842E-7	-1.3639E+1	9.9974E+0	2.3666E-3	-1.7902E+2	9.9976E+0
2.3790E+2	3.0000E+0	2.4941E-3	-1.7901E+2	9.9974E+0	1.0485E-3	-1.7902E+2	9.9976E+0
2.3850E+2	1.0000E+0	6.1407E-3	-1.7902E+2	9.9974E+0	8.3762E-8	1.8059E+1	9.9976E+0
2.3850E+2	5.0000E+0	3.4095E-7	-6.1827E+0	9.9974E+0	2.0703E-3	-1.7903E+2	9.9976E+0
2.3850E+2	3.0000E+0	1.7888E-3	-1.7902E+2	9.9974E+0	1.0150E-3	-1.7903E+2	9.9976E+0
2.3910E+2	1.0000E+0	5.5246E-3	-1.7902E+2	9.9974E+0	9.1429E-8	3.7724E+1	9.9976E+0
2.3910E+2	5.0000E+0	2.6403E-7	-9.8703E+0	9.9974E+0	1.9099E-3	-1.7903E+2	9.9976E+0
2.3910E+2	3.0000E+0	3.3929E-3	-1.7902E+2	9.9974E+0	9.7986E-5	-1.7905E+2	9.9976E+0
2.3970E+2	1.0000E+0	5.1642E-3	-1.7902E+2	9.9974E+0	9.6425E-8	3.7600E+1	9.9976E+0
2.3970E+2	5.0000E+0	2.9295E-7	-1.2824E+1	9.9974E+0	1.8049E-3	-1.7903E+2	9.9976E+0
2.3970E+2	3.0000E+0	2.0486E-3	-1.7901E+2	9.9974E+0	6.9623E-4	-1.7903E+2	9.9976E+0
2.4030E+2	1.0000E+0	4.7327E-3	-1.7902E+2	9.9974E+0	8.9278E-8	3.0019E+1	9.9976E+0
2.4030E+2	5.0000E+0	2.8953E-7	1.5379E+1	9.9974E+0	1.6736E-3	-1.7902E+2	9.9976E+0
2.4030E+2	3.0000E+0	1.2882E-3	-1.7902E+2	9.9974E+0	8.7397E-4	-1.7902E+2	9.9976E+0
2.4090E+2	1.0000E+0	4.2172E-3	-1.7902E+2	9.9974E+0	8.3964E-8	5.9207E+1	9.9976E+0
2.4090E+2	5.0000E+0	3.0350E-7	6.4371E+0	9.9974E+0	1.5947E-3	-1.7902E+2	9.9976E+0
2.4090E+2	3.0000E+0	2.3006E-3	-1.7902E+2	9.9974E+0	2.0460E-4	-1.7903E+2	9.9976E+0
2.4150E+2	1.0000E+0	3.9135E-3	-1.7902E+2	9.9974E+0	7.4658E-8	3.4768E+1	9.9976E+0
2.4150E+2	5.0000E+0	3.7340E-7	4.3498E+1	9.9974E+0	1.4463E-3	-1.7903E+2	9.9976E+0
2.4150E+2	3.0000E+0	1.7659E-3	-1.7902E+2	9.9974E+0	4.4533E-4	-1.7903E+2	9.9976E+0
2.4210E+2	1.0000E+0	3.5171E-3	-1.7902E+2	9.9974E+0	7.8787E-8	8.5274E+1	9.9976E+0
2.4210E+2	5.0000E+0	6.1311E-7	3.8273E+1	9.9974E+0	1.3676E-3	-1.7903E+2	9.9976E+0
2.4210E+2	3.0000E+0	9.4519E-4	-1.7905E+2	9.9974E+0	6.9274E-4	-1.7903E+2	9.9976E+0
2.4270E+2	1.0000E+0	3.4066E-3	-1.7903E+2	9.9974E+0	9.5912E-8	2.5832E+1	9.9976E+0
2.4270E+2	5.0000E+0	3.4123E-7	-5.1790E+0	9.9974E+0	1.2744E-3	-1.7903E+2	9.9976E+0
2.4270E+2	3.0000E+0	1.5683E-3	-1.7903E+2	9.9974E+0	2.9001E-4	-1.7903E+2	9.9976E+0
2.4330E+2	1.0000E+0	3.1100E-3	-1.7903E+2	9.9974E+0	6.3236E-8	3.7198E+1	9.9976E+0
2.4330E+2	5.0000E+0	5.0535E-7	-1.2447E+1	9.9974E+0	1.1771E-3	-1.7903E+2	9.9976E+0
2.4330E+2	3.0000E+0	1.6558E-3	-1.7902E+2	9.9974E+0	2.5729E-4	-1.7904E+2	9.9976E+0
2.4390E+2	1.0000E+0	2.9901E-3	-1.7903E+2	9.9974E+0	7.8195E-8	1.0112E+2	9.9976E+0
2.4390E+2	5.0000E+0	3.6292E-7	-2.2706E+1	9.9974E+0	1.0823E-3	-1.7903E+2	9.9976E+0
2.4390E+2	3.0000E+0	7.7106E-4	-1.7903E+2	9.9974E+0	5.5667E-4	-1.7904E+2	9.9976E+0
2.4450E+2	1.0000E+0	2.8205E-3	-1.7902E+2	9.9974E+0	6.9720E-8	1.8211E+1	9.9976E+0
2.4450E+2	5.0000E+0	3.0116E-7	-1.8472E+0	9.9974E+0	1.0227E-3	-1.7903E+2	9.9976E+0
2.4450E+2	3.0000E+0	1.1022E-3	-1.7902E+2	9.9974E+0	3.2564E-4	-1.7903E+2	9.9976E+0
2.4510E+2	1.0000E+0	2.6966E-3	-1.7902E+2	9.9974E+0	5.9461E-8	3.3222E+1	9.9976E+0
2.4510E+2	5.0000E+0	4.3216E-7	-1.6909E+1	9.9974E+0	9.9211E-4	-1.7902E+2	9.9976E+0
2.4510E+2	3.0000E+0	1.5573E-3	-1.7903E+2	9.9974E+0	1.5176E-4	-1.7903E+2	9.9976E+0
2.4570E+2	1.0000E+0	2.4743E-3	-1.7902E+2	9.9974E+0	7.4983E-8	2.6274E+1	9.9976E+0
2.4570E+2	5.0000E+0	3.2392E-7	-1.1392E+0	9.9974E+0	8.6886E-4	-1.7903E+2	9.9976E+0
2.4570E+2	3.0000E+0	6.8313E-4	-1.7902E+2	9.9974E+0	4.3222E-4	-1.7903E+2	9.9976E+0
2.4630E+2	1.0000E+0	2.3932E-3	-1.7902E+2	9.9974E+0	7.0102E-8	4.6587E+1	9.9976E+0
2.4630E+2	5.0000E+0	2.6684E-7	-4.3752E+0	9.9974E+0	8.3562E-4	-1.7903E+2	9.9976E+0
2.4630E+2	3.0000E+0	8.1077E-4	-1.7902E+2	9.9974E+0	3.2084E-4	-1.7903E+2	9.9976E+0
2.4690E+2	1.0000E+0	2.2940E-3	-1.7901E+2	9.9974E+0	8.0910E-8	-9.0075E-1	9.9976E+0
2.4690E+2	5.0000E+0	5.3950E-7	1.8654E+1	9.9974E+0	8.0288E-4	-1.7903E+2	9.9976E+0
2.4690E+2	3.0000E+0	1.4125E-3	-1.7902E+2	9.9974E+0	3.8151E-5	-1.7907E+2	9.9976E+0
2.4750E+2	1.0000E+0	2.1116E-3	-1.7902E+2	9.9974E+0	8.1914E-8	4.0266E+1	9.9976E+0
2.4750E+2	5.0000E+0	6.0180E-7	1.8158E+1	9.9974E+0	7.3014E-4	-1.7902E+2	9.9976E+0
2.4750E+2	3.0000E+0	6.2681E-4	-1.7901E+2	9.9974E+0	3.4727E-4	-1.7902E+2	9.9976E+0
2.4810E+2	1.0000E+0	2.0596E-3	-1.7901E+2	9.9974E+0	6.1323E-8	4.4116E+1	9.9976E+0
2.4810E+2	5.0000E+0	3.7210E-7	4.6154E+0	9.9974E+0	7.1299E-4	-1.7902E+2	9.9976E+0
2.4810E+2	3.0000E+0	6.1681E-4	-1.7902E+2	9.9974E+0	3.1219E-4	-1.7903E+2	9.9976E+0
2.4870E+2	1.0000E+0	1.9577E-3	-1.7901E+2	9.9974E+0	8.6476E-8	5.1443E+1	9.9976E+0
2.4870E+2	5.0000E+0	3.1759E-7	-1.0327E+1	9.9974E+0	6.7058E-4	-1.7902E+2	9.9976E+0
2.4870E+2	3.0000E+0	1.2140E-3	-1.7901E+2	9.9974E+0	1.2443E-5	-1.7910E+2	9.9976E+0
2.4930E+2	1.0000E+0	1.9595E-3	-1.7901E+2	9.9974E+0	1.0471E-7	1.9467E+1	9.9976E+0
2.4930E+2	5.0000E+0	4.1262E-7	3.1200E+1	9.9974E+0	6.6029E-4	-1.7902E+2	9.9976E+0
2.4930E+2	3.0000E+0	6.2826E-4	-1.7902E+2	9.9974E+0	2.8764E-4	-1.7902E+2	9.9976E+0
2.4990E+2	1.0000E+0	1.9002E-3	-1.7901E+2	9.9974E+0	9.9572E-8	7.6035E+0	9.9976E+0
2.4990E+2	5.0000E+0	3.9035E-7	5.5309E+0	9.9974E+0	6.3180E-4	-1.7902E+2	9.9976E+0
2.4990E+2	3.0000E+0	5.2108E-4	-1.7900E+2	9.9974E+0	2.9961E-4	-1.7902E+2	9.9976E+0
2.5050E+2	1.0000E+0	1.9423E-3	-1.7901E+2	9.9974E+0	1.2327E-7	8.7886E+0	9.9976E+0
2.5050E+2	5.0000E+0	6.7003E-7	-4.0276E+1	9.9974E+0	6.3705E-4	-1.7902E+2	9.9976E+0
2.5050E+2	3.0000E+0	1.1155E-3	-1.7901E+2	9.9974E+0	2.6415E-5	-1.7911E+2	9.9976E+0
2.5110E+2	1.0000E+0	1.8369E-3	-1.7901E+2	9.9974E+0	6.0262E-8	6.2406E+1	9.9976E+0
2.5110E+2	5.0000E+0	4.2379E-7	1.1422E+1	9.9974E+0	6.0235E-4	-1.7902E+2	9.9976E+0
2.5110E+2	3.0000E+0	6.7521E-4	-1.7901E+2	9.9974E+0	2.3518E-4	-1.7902E+2	9.9976E+0
2.5170E+2	1.0000E+0	1.8019E-3	-1.7902E+2	9.9974E+0	8.6751E-8	4.9600E+1	9.9976E+0
2.5170E+2	5.0000E+0	3.8417E-7	-2.3805E+0	9.9974E+0	5.9650E-4	-1.7903E+2	9.9976E+0
2.5170E+2	3.0000E+0	4.6064E-4	-1.7901E+2	9.9974E+0	2.9587E-4	-1.7904E+2	9.9976E+0
2.5230E+2	1.0000E+0	1.6941E-3	-1.7901E+2	9.9974E+0	9.6613E-8	3.3346E+1	9.9976E+0
2.5230E+2	5.0000E+0	4.3354E-7	-5.1818E+0	9.9974E+0	5.5492E-4	-1.7902E+2	9.9976E+0
2.5230E+2	3.0000E+0	8.7637E-4	-1.7903E+2	9.9974E+0	6.4331E-5	-1.7908E+2	9.9976E+0
2.5290E+2	1.0000E+0	1.8256E-3	-1.7902E+2	9.9974E+0	1.2465E-7	2.1253E+1	9.9976E+0
2.5290E+2	5.0000E+0	5.6577E-7	7.3292E+0	9.9974E+0	6.1857E-4	-1.7902E+2	9.9976E+0
2.5290E+2	3.0000E+0	7.4002E-4	-1.7901E+2	9.9974E+0	2.1440E-4	-1.7902E+2	9.9976E+0
2.5350E+2	1.0000E+0	1.7847E-3	-1.7901E+2	9.9974E+0	9.8338E-8	5.1271E+1	9.9976E+0
2.5350E+2	5.0000E+0	3.5549E-7	2.9284E+1	9.9974E+0	5.8896E-4	-1.7902E+2	9.9976E+0
2.5350E+2	3.0000E+0	4.5332E-4	-1.7901E+2	9.9974E+0	2.9788E-4	-1.7902E+2	9.9976E+0
2.5410E+2	1.0000E+0	1.9171E-3	-1.7902E+2	9.9974E+0	9.3458E-8	3.2295E+1	9.9976E+0
2.5410E+2	5.0000E+0	2.5134E-7	2.5179E+1	9.9974E+0	6.1454E-4	-1.7902E+2	9.9976E+0
2.5410E+2	3.0000E+0	8.7454E-4	-1.7901E+2	9.9974E+0	1.1173E-4	-1.7903E+2	9.9976E+0
2.5470E+2	1.0000E+0	2.0460E-3	-1.7902E+2	9.9974E+0	1.0947E-7	4.5426E+1	9.9976E+0
2.5470E+2	5.0000E+0	8.1977E-7	-6.3611E+0	9.9974E+0	5.9180E-4	-1.7902E+2	9.9976E+0
2.5470E+2	3.0000E+0	9.7605E-4	-1.7901E+2	9.9974E+0	1.5472E-4	-1.7901E+2	9.9976E+0
2.5530E+2	1.0000E+0	2.2195E-3	-1.7901E+2	9.9974E+0	8.8325E-8	7.6285E+1	9.9976E+0
2.5530E+2	5.0000E+0	2.8388E-7	-1.4412E+0	9.9974E+0	6.0276E-4	-1.7902E+2	9.9976E+0
2.5530E+2	3.0000E+0	5.7135E-4	-1.7902E+2	9.9974E+0	3.1538E-4	-1.7903E+2	9.9976E+0
2.5590E+2	1.0000E+0	2.6477E-3	-1.7902E+2	9.9974E+0	7.9596E-8	5.2956E+1	9.9976E+0
2.5590E+2	5.0000E+0	3.1632E-7	-6.0907E+0	9.9974E+0	6.1199E-4	-1.7903E+2	9.9976E+0
2.5590E+2	3.0000E+0	1.0050E-3	-1.7902E+2	9.9974E+0	1.8648E-4	-1.7903E+2	9.9976E+0
2.5650E+2	1.0000E+0	3.1043E-3	-1.7902E+2	9.9974E+0	5.8645E-8	4.4206E+1	9.9976E+0
2.5650E+2	5.0000E+0	3.3201E-7	-2.3383E+1	9.9974E+0	6.8844E-4	-1.7902E+2	9.9976E+0
2.5650E+2	3.0000E+0	1.7013E-3	-1.7901E+2	9.9974E+0	1.0111E-4	-1.7905E+2	9.9976E+0
2.5710E+2	1.0000E+0	3.5334E-3	-1.7902E+2	9.9974E+0	7.5878E-8	4.9994E+1	9.9976E+0
2.5710E+2	5.0000E+0	3.4660E-7	-9.7966E+0	9.9974E+0	6.9774E-4	-1.7903E+2	9.9976E+0
2.5710E+2	3.0000E+0	9.1469E-4	-1.7902E+2	9.9974E+0	3.6956E-4	-1.7903E+2	9.9976E+0
2.5770E+2	1.0000E+0	3.8738E-3	-1.7902E+2	9.9974E+0	6.3496E-8	4.6375E+1	9.9976E+0
2.5770E+2	5.0000E+0	3.1546E-7	-4.3678E+0	9.9974E+0	7.3385E-4	-1.7903E+2	9.9976E+0
2.5770E+2	3.0000E+0	1.3106E-3	-1.7903E+2	9.9974E+0	2.7452E-4	-1.7904E+2	9.9976E+0
2.5830E+2	1.0000E+0	4.5698E-3	-1.7903E+2	9.9974E+0	7.8145E-8	5.2005E+1	9.9976E+0
2.5830E+2	5.0000E+0	3.3335E-7	-8.1565E+0	9.9974E+0	8.2675E-4	-1.7904E+2	9.9976E+0
2.5830E+2	3.0000E+0	2.7580E-3	-1.7903E+2	9.9974E+0	5.1733E-5	-1.7906E+2	9.9976E+0
2.5890E+2	1.0000E+0	5.1215E-3	-1.7903E+2	9.9974E+0	6.0414E-8	1.0521E+1	9.9976E+0
2.5890E+2	5.0000E+0	3.6914E-7	2.2684E+1	9.9974E+0	8.5295E-4	-1.7904E+2	9.9976E+0
2.5890E+2	3.0000E+0	1.4818E-3	-1.7904E+2	9.9974E+0	4.2648E-4	-1.7905E+2	9.9976E+0
2.5950E+2	1.0000E+0	5.3312E-3	-1.7904E+2	9.9974E+0	6.0471E-8	3.7046E+1	9.9976E+0
2.5950E+2	5.0000E+0	2.9338E-7	4.4391E+0	9.9974E+0	8.5541E-4	-1.7905E+2	9.9976E+0
2.5950E+2	3.0000E+0	1.6306E-3	-1.7904E+2	9.9974E+0	3.8770E-4	-1.7905E+2	9.9976E+0
2.6010E+2	1.0000E+0	5.7965E-3	-1.7904E+2	9.9974E+0	6.8832E-8	5.4618E+1	9.9976E+0
2.6010E+2	5.0000E+0	3.1774E-7	-3.5424E+0	9.9974E+0	8.7426E-4	-1.7904E+2	9.9976E+0
2.6010E+2	3.0000E+0	3.4321E-3	-1.7904E+2	9.9974E+0	1.9754E-5	-1.7911E+2	9.9976E+0
2.6070E+2	1.0000E+0	6.0807E-3	-1.7904E+2	9.9974E+0	7.0629E-8	2.7706E+1	9.9976E+0
2.6070E+2	5.0000E+0	2.9206E-7	4.3555E+0	9.9974E+0	9.3948E-4	-1.7904E+2	9.9976E+0
2.6070E+2	3.0000E+0	1.9349E-3	-1.7904E+2	9.9974E+0	4.3765E-4	-1.7905E+2	9.9976E+0
2.6130E+2	1.0000E+0	6.2536E-3	-1.7903E+2	9.9974E+0	9.1226E-8	3.8983E+1	9.9976E+0
2.6130E+2	5.0000E+0	3.1137E-7	-1.4689E+1	9.9974E+0	9.6521E-4	-1.7904E+2	9.9976E+0
2.6130E+2	3.0000E+0	1.7794E-3	-1.7903E+2	9.9974E+0	4.5769E-4	-1.7904E+2	9.9976E+0
2.6190E+2	1.0000E+0	6.5472E-3	-1.7904E+2	9.9974E+0	7.0016E-8	7.0927E+1	9.9976E+0
2.6190E+2	5.0000E+0	3.1561E-7	1.2896E+1	9.9974E+0	9.8077E-4	-1.7905E+2	9.9976E+0
2.6190E+2	3.0000E+0	3.7810E-3	-1.7904E+2	9.9974E+0	3.5299E-5	-1.7904E+2	9.9976E+0
2.6250E+2	1.0000E+0	6.2199E-3	-1.7904E+2	9.9974E+0	6.8261E-8	-3.0859E+1	9.9976E+0
2.6250E+2	5.0000E+0	2.9909E-7	-1.6384E+0	9.9974E+0	9.1699E-4	-1.7905E+2	9.9976E+0
2.6250E+2	3.0000E+0	2.2392E-3	-1.7904E+2	9.9974E+0	3.7260E-4	-1.7906E+2	9.9976E+0
2.6310E+2	1.0000E+0	6.1939E-3	-1.7905E+2	9.9974E+0	9.8309E-8	2.3816E+1	9.9976E+0
2.6310E+2	5.0000E+0	2.9328E-7	1.5525E+1	9.9974E+0	8.3821E-4	-1.7905E+2	9.9976E+0
2.6310E+2	3.0000E+0	1.6119E-3	-1.7905E+2	9.9974E+0	4.3809E-4	-1.7906E+2	9.9976E+0
2.6370E+2	1.0000E+0	5.5849E-3	-1.7905E+2	9.9974E+0	4.8898E-8	-9.2678E+0	9.9976E+0
2.6370E+2	5.0000E+0	2.9289E-7	-4.9757E+0	9.9974E+0	7.9007E-4	-1.7906E+2	9.9976E+0
2.6370E+2	3.0000E+0	2.9554E-3	-1.7905E+2	9.9974E+0	7.9070E-5	-1.7908E+2	9.9976E+0
2.6430E+2	1.0000E+0	5.2685E-3	-1.7905E+2	9.9974E+0	8.2708E-8	1.5787E+1	9.9976E+0
2.6430E+2	5.0000E+0	2.8837E-7	-1.1381E+1	9.9974E+0	7.0654E-4	-1.7905E+2	9.9976E+0
2.6430E+2	3.0000E+0	2.1294E-3	-1.7905E+2	9.9974E+0	2.3784E-4	-1.7907E+2	9.9976E+0
2.6490E+2	1.0000E+0	4.7444E-3	-1.7905E+2	9.9974E+0	7.3199E-8	3.7451E+1	9.9976E+0
2.6490E+2	5.0000E+0	2.9876E-7	2.3743E+1	9.9974E+0	6.6863E-4	-1.7906E+2	9.9976E+0
2.6490E+2	3.0000E+0	1.2393E-3	-1.7905E+2	9.9974E+0	3.3909E-4	-1.7906E+2	9.9976E+0
2.6550E+2	1.0000E+0	4.5039E-3	-1.7906E+2	9.9974E+0	6.5843E-8	5.1120E+1	9.9976E+0
2.6550E+2	5.0000E+0	3.0203E-7	-2.1798E+0	9.9974E+0	5.7196E-4	-1.7906E+2	9.9976E+0
2.6550E+2	3.0000E+0	2.0082E-3	-1.7906E+2	9.9974E+0	1.0844E-4	-1.7906E+2	9.9976E+0
2.6610E+2	1.0000E+0	3.6946E-3	-1.7905E+2	9.9974E+0	5.5742E-8	7.4899E+1	9.9976E+0
2.6610E+2	5.0000E+0	2.9875E-7	-3.3783E+1	9.9974E+0	4.6580E-4	-1.7906E+2	9.9976E+0
2.6610E+2	3.0000E+0	1.7563E-3	-1.7906E+2	9.9974E+0	1.1730E-4	-1.7907E+2	9.9976E+0
2.6670E+2	1.0000E+0	3.3845E-3	-1.7906E+2	9.9974E+0	5.2450E-8	2.7670E+1	9.9976E+0
2.6670E+2	5.0000E+0	3.1283E-7	1.4579E+1	9.9974E+0	3.8743E-4	-1.7906E+2	9.9976E+0
2.6670E+2	3.0000E+0	8.2379E-4	-1.7906E+2	9.9974E+0	2.0472E-4	-1.7907E+2	9.9976E+0
2.6730E+2	1.0000E+0	2.9812E-3	-1.7906E+2	9.9974E+0	9.9306E-8	-3.2966E+0	9.9976E+0
2.6730E+2	5.0000E+0	2.7388E-7	-1.1520E+1	9.9974E+0	3.5135E-4	-1.7907E+2	9.9976E+0
2.6730E+2	3.0000E+0	1.1488E-3	-1.7906E+2	9.9974E+0	9.7662E-5	-1.7906E+2	9.9976E+0
2.6790E+2	1.0000E+0	3.0494E-3	-1.7906E+2	9.9974E+0	7.8499E-8	7.8475E+1	9.9976E+0
2.6790E+2	5.0000E+0	2.6387E-7	-1.8126E+0	9.9974E+0	3.5573E-4	-1.7907E+2	9.9976E+0
2.6790E+2	3.0000E+0	1.5902E-3	-1.7906E+2	9.9974E+0	5.4573E-5	-1.7909E+2	9.9976E+0
2.6850E+2	1.0000E+0	2.4995E-3	-1.7905E+2	9.9974E+0	7.1452E-8	5.7672E+1	9.9976E+0
2.6850E+2	5.0000E+0	2.8123E-7	5.8191E+0	9.9974E+0	2.8401E-4	-1.7907E+2	9.9976E+0
2.6850E+2	3.0000E+0	6.6470E-4	-1.7906E+2	9.9974E+0	1.4440E-4	-1.7907E+2	9.9976E+0
2.6910E+2	1.0000E+0	2.4312E-3	-1.7906E+2	9.9974E+0	6.8030E-8	4.2548E+1	9.9976E+0
2.6910E+2	5.0000E+0	2.9608E-7	-2.0474E+0	9.9974E+0	2.7917E-4	-1.7907E+2	9.9976E+0
2.6910E+2	3.0000E+0	8.2224E-4	-1.7906E+2	9.9974E+0	9.7142E-5	-1.7907E+2	9.9976E+0
2.6970E+2	1.0000E+0	2.1466E-3	-1.7906E+2	9.9974E+0	7.7387E-8	3.8660E+1	9.9976E+0
2.6970E+2	5.0000E+0	2.7117E-7	-1.3933E+1	9.9974E+0	2.2838E-4	-1.7907E+2	9.9976E+0
2.6970E+2	3.0000E+0	1.1752E-3	-1.7906E+2	9.9974E+0	1.9234E-5	-1.7913E+2	9.9976E+0
2.7030E+2	1.0000E+0	1.8263E-3	-1.7906E+2	9.9974E+0	7.3546E-8	3.2413E+1	9.9976E+0
2.7030E+2	5.0000E+0	2.9378E-7	-2.3616E+1	9.9974E+0	2.0504E-4	-1.7908E+2	9.9976E+0
2.7030E+2	3.0000E+0	5.0091E-4	-1.7907E+2	9.9974E+0	9.6893E-5	-1.7909E+2	9.9976E+0
2.7090E+2	1.0000E+0	1.6060E-3	-1.7907E+2	9.9974E+0	6.7640E-8	3.7381E+1	9.9976E+0
2.7090E+2	5.0000E+0	2.9653E-7	2.0802E+1	9.9974E+0	1.7046E-4	-1.7909E+2	9.9976E+0
2.7090E+2	3.0000E+0	4.7701E-4	-1.7907E+2	9.9974E+0	7.2613E-5	-1.7908E+2	9.9976E+0
2.7150E+2	1.0000E+0	1.5194E-3	-1.7909E+2	9.9974E+0	7.4572E-8	-2.1026E-1	9.9976E+0
2.7150E+2	5.0000E+0	3.1156E-7	8.6708E+0	9.9974E+0	1.7537E-4	-1.7910E+2	9.9976E+0
2.7150E+2	3.0000E+0	9.1000E-4	-1.7909E+2	9.9974E+0	5.4611E-6	-1.7929E+2	9.9976E+0
2.7210E+2	1.0000E+0	1.6159E-3	-1.7910E+2	9.9974E+0	8.6859E-8	5.7022E+1	9.9976E+0
2.7210E+2	5.0000E+0	2.9892E-7	-3.1912E+0	9.9974E+0	1.5456E-4	-1.7911E+2	9.9976E+0
2.7210E+2	3.0000E+0	4.7215E-4	-1.7910E+2	9.9974E+0	7.1981E-5	-1.7913E+2	9.9976E+0
2.7270E+2	1.0000E+0	1.1559E-3	-1.7909E+2	9.9974E+0	5.1572E-8	6.5222E+1	9.9976E+0
2.7270E+2	5.0000E+0	2.9440E-7	5.5037E+0	9.9974E+0	1.1922E-4	-1.7911E+2	9.9976E+0
2.7270E+2	3.0000E+0	3.1586E-4	-1.7909E+2	9.9974E+0	5.1259E-5	-1.7911E+2	9.9976E+0
2.7330E+2	1.0000E+0	9.8972E-4	-1.7910E+2	9.9974E+0	5.5959E-8	4.1273E-2	9.9976E+0
2.7330E+2	5.0000E+0	2.8490E-7	-1.2828E+1	9.9974E+0	8.3237E-5	-1.7911E+2	9.9976E+0
2.7330E+2	3.0000E+0	5.3558E-4	-1.7910E+2	9.9974E+0	3.0786E-6	-5.4128E+1	9.9976E+0
2.7390E+2	1.0000E+0	9.8335E-4	-1.7912E+2	9.9974E+0	7.7416E-8	6.3898E+1	9.9976E+0
2.7390E+2	5.0000E+0	3.1177E-7	-2.3940E+1	9.9974E+0	8.3158E-5	-1.7914E+2	9.9976E+0
2.7390E+2	3.0000E+0	3.3079E-4	-1.7912E+2	9.9974E+0	3.1967E-5	-1.7917E+2	9.9976E+0
2.7450E+2	1.0000E+0	8.7332E-4	-1.7911E+2	9.9974E+0	6.6088E-8	4.4661E+1	9.9976E+0
2.7450E+2	5.0000E+0	3.2467E-7	-4.0222E+0	9.9974E+0	7.3431E-5	-1.7914E+2	9.9976E+0
2.7450E+2	3.0000E+0	2.2961E-4	-1.7911E+2	9.9974E+0	3.4878E-5	-1.7917E+2	9.9976E+0
2.7510E+2	1.0000E+0	7.7812E-4	-1.7912E+2	9.9974E+0	8.5516E-8	1.7331E+1	9.9976E+0
2.7510E+2	5.0000E+0	3.4321E-7	-9.1003E+0	9.9974E+0	5.3938E-5	-1.7914E+2	9.9976E+0
2.7510E+2	3.0000E+0	3.6979E-4	-1.7912E+2	9.9974E+0	6.4270E-6	-1.4028E+2	9.9976E+0
2.7570E+2	1.0000E+0	9.5935E-4	-1.7915E+2	9.9974E+0	6.2774E-8	4.5359E+1	9.9976E+0
2.7570E+2	5.0000E+0	3.2672E-7	-1.8841E+0	9.9974E+0	7.3246E-5	-1.7918E+2	9.9976E+0
2.7570E+2	3.0000E+0	3.8485E-4	-1.7915E+2	9.9974E+0	2.2621E-5	-1.7918E+2	9.9976E+0
2.7630E+2	1.0000E+0	1.5002E-3	-1.7916E+2	9.9974E+0	7.7517E-8	4.5883E+1	9.9976E+0
2.7630E+2	5.0000E+0	3.1769E-7	-1.2209E+1	9.9974E+0	9.4040E-5	-1.7919E+2	9.9976E+0
2.7630E+2	3.0000E+0	3.5798E-4	-1.7916E+2	9.9974E+0	4.6364E-5	-1.7921E+2	9.9976E+0
2.7690E+2	1.0000E+0	1.2962E-3	-1.7912E+2	9.9974E+0	6.6659E-8	-1.1943E+1	9.9976E+0
2.7690E+2	5.0000E+0	2.9746E-7	-3.2117E+0	9.9974E+0	9.2634E-5	-1.7913E+2	9.9976E+0
2.7690E+2	3.0000E+0	5.9221E-4	-1.7913E+2	9.9974E+0	1.6167E-5	-1.7922E+2	9.9976E+0
2.7750E+2	1.0000E+0	1.3793E-3	-1.7911E+2	9.9974E+0	7.7863E-8	1.9179E+1	9.9976E+0
2.7750E+2	5.0000E+0	2.7506E-7	8.1175E+0	9.9974E+0	9.0591E-5	-1.7912E+2	9.9976E+0
2.7750E+2	3.0000E+0	6.2464E-4	-1.7912E+2	9.9974E+0	2.3530E-5	-1.7924E+2	9.9976E+0
2.7810E+2	1.0000E+0	1.9161E-3	-1.7914E+2	9.9974E+0	7.6049E-8	1.7811E+1	9.9976E+0
2.7810E+2	5.0000E+0	2.8487E-7	1.2104E+1	9.9974E+0	1.2398E-4	-1.7916E+2	9.9976E+0
2.7810E+2	3.0000E+0	4.6390E-4	-1.7914E+2	9.9974E+0	5.9756E-5	-1.7917E+2	9.9976E+0
2.7870E+2	1.0000E+0	2.1729E-3	-1.7916E+2	9.9974E+0	7.1683E-8	4.0198E+1	9.9976E+0
2.7870E+2	5.0000E+0	2.8849E-7	1.3690E+0	9.9974E+0	1.3969E-4	-1.7918E+2	9.9976E+0
2.7870E+2	3.0000E+0	8.3686E-4	-1.7916E+2	9.9974E+0	3.4401E-5	-1.7919E+2	9.9976E+0
2.7930E+2	1.0000E+0	1.9204E-3	-1.7912E+2	9.9974E+0	6.9388E-8	5.0216E+1	9.9976E+0
2.7930E+2	5.0000E+0	2.8194E-7	-1.1890E+1	9.9974E+0	1.2098E-4	-1.7914E+2	9.9976E+0
2.7930E+2	3.0000E+0	9.2794E-4	-1.7913E+2	9.9974E+0	1.8122E-5	-1.7924E+2	9.9976E+0
2.7990E+2	1.0000E+0	1.7377E-3	-1.7913E+2	9.9974E+0	5.0685E-8	4.0950E+1	9.9976E+0
2.7990E+2	5.0000E+0	2.9844E-7	7.7763E+0	9.9974E+0	1.3047E-4	-1.7915E+2	9.9976E+0
2.7990E+2	3.0000E+0	4.4589E-4	-1.7913E+2	9.9974E+0	5.8334E-5	-1.7915E+2	9.9976E+0
2.8050E+2	1.0000E+0	2.3464E-3	-1.7913E+2	9.9974E+0	4.9411E-8	6.2707E+0	9.9976E+0
2.8050E+2	5.0000E+0	2.9804E-7	-5.1473E+0	9.9974E+0	1.4730E-4	-1.7915E+2	9.9976E+0
2.8050E+2	3.0000E+0	7.5902E-4	-1.7914E+2	9.9974E+0	5.1828E-5	-1.7916E+2	9.9976E+0
2.8110E+2	1.0000E+0	2.2725E-3	-1.7913E+2	9.9974E+0	6.2998E-8	5.9740E+1	9.9976E+0
2.8110E+2	5.0000E+0	2.8375E-7	1.1353E+1	9.9974E+0	1.6954E-4	-1.7914E+2	9.9976E+0
2.8110E+2	3.0000E+0	1.2364E-3	-1.7913E+2	9.9974E+0	2.3383E-5	-1.7913E+2	9.9976E+0
2.8170E+2	1.0000E+0	1.9385E-3	-1.7911E+2	9.9974E+0	6.3648E-8	5.2600E+1	9.9976E+0
2.8170E+2	5.0000E+0	2.8192E-7	-2.5906E+0	9.9974E+0	1.4586E-4	-1.7913E+2	9.9976E+0
2.8170E+2	3.0000E+0	5.1103E-4	-1.7911E+2	9.9974E+0	5.6105E-5	-1.7914E+2	9.9976E+0
2.8230E+2	1.0000E+0	1.5992E-3	-1.7912E+2	9.9974E+0	7.4571E-8	3.2703E+1	9.9976E+0
2.8230E+2	5.0000E+0	3.1751E-7	1.7141E+0	9.9974E+0	1.2544E-4	-1.7912E+2	9.9976E+0
2.8230E+2	3.0000E+0	4.8077E-4	-1.7911E+2	9.9974E+0	4.2284E-5	-1.7914E+2	9.9976E+0
2.8290E+2	1.0000E+0	1.7179E-3	-1.7911E+2	9.9974E+0	5.5923E-8	6.2281E+0	9.9976E+0
2.8290E+2	5.0000E+0	2.8893E-7	-1.0085E+1	9.9974E+0	1.4204E-4	-1.7912E+2	9.9976E+0
2.8290E+2	3.0000E+0	9.2787E-4	-1.7911E+2	9.9974E+0	2.4243E-5	-1.7915E+2	9.9976E+0
2.8350E+2	1.0000E+0	1.7390E-3	-1.7911E+2	9.9974E+0	5.4161E-8	7.9128E+0	9.9976E+0
2.8350E+2	5.0000E+0	2.7311E-7	7.0628E-1	9.9974E+0	1.4368E-4	-1.7912E+2	9.9976E+0
2.8350E+2	3.0000E+0	5.0342E-4	-1.7911E+2	9.9974E+0	6.6680E-5	-1.7912E+2	9.9976E+0
2.8410E+2	1.0000E+0	1.6687E-3	-1.7911E+2	9.9974E+0	7.0037E-8	2.2823E+1	9.9976E+0
2.8410E+2	5.0000E+0	2.5031E-7	-8.9382E-1	9.9974E+0	1.3566E-4	-1.7912E+2	9.9976E+0
2.8410E+2	3.0000E+0	4.3452E-4	-1.7912E+2	9.9974E+0	5.5485E-5	-1.7913E+2	9.9976E+0
2.8470E+2	1.0000E+0	1.4309E-3	-1.7911E+2	9.9974E+0	7.3633E-8	-6.3168E+0	9.9976E+0
2.8470E+2	5.0000E+0	3.0347E-7	-1.0771E+1	9.9974E+0	1.1575E-4	-1.7912E+2	9.9976E+0
2.8470E+2	3.0000E+0	7.6498E-4	-1.7911E+2	9.9974E+0	3.3473E-6	-6.2386E+1	9.9976E+0
2.8530E+2	1.0000E+0	1.6433E-3	-1.7914E+2	9.9974E+0	7.6708E-8	3.5738E+1	9.9976E+0
2.8530E+2	5.0000E+0	3.1322E-7	-9.3438E+0	9.9974E+0	1.3598E-4	-1.7914E+2	9.9976E+0
2.8530E+2	3.0000E+0	5.2832E-4	-1.7914E+2	9.9974E+0	4.7390E-5	-1.7916E+2	9.9976E+0
2.8590E+2	1.0000E+0	1.9601E-3	-1.7915E+2	9.9974E+0	6.4161E-8	1.8092E+1	9.9976E+0
2.8590E+2	5.0000E+0	3.2283E-7	-7.9298E+0	9.9974E+0	1.3282E-4	-1.7916E+2	9.9976E+0
2.8590E+2	3.0000E+0	4.8814E-4	-1.7915E+2	9.9974E+0	6.4136E-5	-1.7918E+2	9.9976E+0
2.8650E+2	1.0000E+0	2.1649E-3	-1.7915E+2	9.9974E+0	6.3922E-8	6.0135E+0	9.9976E+0
2.8650E+2	5.0000E+0	7.3925E-7	-1.2375E+1	9.9974E+0	1.5984E-4	-1.7917E+2	9.9976E+0
2.8650E+2	3.0000E+0	1.0800E-3	-1.7917E+2	9.9974E+0	3.1665E-5	-1.7924E+2	9.9976E+0
2.8710E+2	1.0000E+0	2.0300E-3	-1.7915E+2	9.9974E+0	6.3561E-8	4.5535E+1	9.9976E+0
2.8710E+2	5.0000E+0	3.1292E-7	-7.7507E-1	9.9974E+0	1.3965E-4	-1.7917E+2	9.9976E+0
2.8710E+2	3.0000E+0	7.4323E-4	-1.7915E+2	9.9974E+0	4.4435E-5	-1.7919E+2	9.9976E+0
2.8770E+2	1.0000E+0	2.2186E-3	-1.7916E+2	9.9974E+0	8.1711E-8	2.6122E+1	9.9976E+0
2.8770E+2	5.0000E+0	3.0135E-7	-1.3175E+1	9.9974E+0	1.3764E-4	-1.7916E+2	9.9976E+0
2.8770E+2	3.0000E+0	5.6007E-4	-1.7916E+2	9.9974E+0	5.2338E-5	-1.7919E+2	9.9976E+0
2.8830E+2	1.0000E+0	2.5315E-3	-1.7917E+2	9.9974E+0	8.3594E-8	5.4431E+1	9.9976E+0
2.8830E+2	5.0000E+0	3.1874E-7	2.8348E-1	9.9974E+0	1.5320E-4	-1.7918E+2	9.9976E+0
2.8830E+2	3.0000E+0	1.0904E-3	-1.7918E+2	9.9974E+0	2.9500E-5	-1.7920E+2	9.9976E+0
2.8890E+2	1.0000E+0	2.3866E-3	-1.7915E+2	9.9974E+0	7.7907E-8	1.8232E+1	9.9976E+0
2.8890E+2	5.0000E+0	2.8835E-7	-5.0353E+0	9.9974E+0	1.4563E-4	-1.7915E+2	9.9976E+0
2.8890E+2	3.0000E+0	9.9503E-4	-1.7916E+2	9.9974E+0	4.6233E-5	-1.7916E+2	9.9976E+0
2.8950E+2	1.0000E+0	2.1092E-3	-1.7918E+2	9.9974E+0	7.1849E-8	2.0671E+1	9.9976E+0
2.8950E+2	5.0000E+0	1.0492E-6	-2.0231E+1	9.9974E+0	1.3307E-4	-1.7919E+2	9.9976E+0
2.8950E+2	3.0000E+0	5.0869E-4	-1.7917E+2	9.9974E+0	6.2882E-5	-1.7919E+2	9.9976E+0
2.9130E+2	1.0000E+0	2.1093E-3	-1.7918E+2	9.9974E+0	8.9386E-8	2.2179E+1	9.9976E+0
2.9130E+2	5.0000E+0	2.9404E-7	1.7622E+0	9.9974E+0	1.3309E-4	-1.7920E+2	9.9976E+0
2.9130E+2	3.0000E+0	5.0872E-4	-1.7918E+2	9.9974E+0	6.2934E-5	-1.7920E+2	9.9976E+0
2.9190E+2	1.0000E+0	2.1095E-3	-1.7918E+2	9.9974E+0	8.9039E-8	3.1859E+1	9.9976E+0
2.9190E+2	5.0000E+0	3.2124E-7	8.7447E+0	9.9974E+0	1.3311E-4	-1.7919E+2	9.9976E+0
2.9190E+2	3.0000E+0	5.0879E-4	-1.7917E+2	9.9974E+0	6.2893E-5	-1.7920E+2	9.9976E+0
2.9250E+2	1.0000E+0	2.1395E-3	-1.7917E+2	9.9974E+0	7.8347E-8	9.0162E+1	9.9976E+0
2.9250E+2	5.0000E+0	3.2401E-7	-1.6511E+1	9.9974E+0	1.5444E-4	-1.7918E+2	9.9976E+0
2.9250E+2	3.0000E+0	1.0838E-3	-1.7918E+2	9.9974E+0	2.4014E-5	-1.7921E+2	9.9976E+0
2.9310E+2	1.0000E+0	2.3516E-3	-1.7918E+2	9.9974E+0	8.8714E-8	1.6487E+1	9.9976E+0
2.9310E+2	5.0000E+0	2.9885E-7	5.7660E+0	9.9974E+0	1.7658E-4	-1.7918E+2	9.9976E+0
2.9310E+2	3.0000E+0	6.1808E-4	-1.7917E+2	9.9974E+0	6.6242E-5	-1.7922E+2	9.9976E+0
2.9370E+2	1.0000E+0	2.3255E-3	-1.7917E+2	9.9974E+0	8.2520E-8	4.1182E+1	9.9976E+0
2.9370E+2	5.0000E+0	3.1083E-7	-3.9782E+0	9.9974E+0	1.8391E-4	-1.7919E+2	9.9976E+0
2.9370E+2	3.0000E+0	7.0699E-4	-1.7917E+2	9.9974E+0	6.1681E-5	-1.7919E+2	9.9976E+0
2.9430E+2	1.0000E+0	2.2659E-3	-1.7914E+2	9.9974E+0	8.7719E-8	5.0718E+1	9.9976E+0
2.9430E+2	5.0000E+0	5.1928E-7	-8.5823E+0	9.9974E+0	1.8779E-4	-1.7914E+2	9.9976E+0
2.9430E+2	3.0000E+0	1.1980E-3	-1.7915E+2	9.9974E+0	2.0255E-5	-1.7923E+2	9.9976E+0
2.9490E+2	1.0000E+0	2.2709E-3	-1.7915E+2	9.9974E+0	7.3835E-8	5.3324E+1	9.9976E+0
2.9490E+2	5.0000E+0	3.5856E-7	-1.4754E+0	9.9974E+0	1.9723E-4	-1.7917E+2	9.9976E+0
2.9490E+2	3.0000E+0	6.3784E-4	-1.7915E+2	9.9974E+0	8.4533E-5	-1.7917E+2	9.9976E+0
2.9550E+2	1.0000E+0	2.4243E-3	-1.7916E+2	9.9974E+0	7.6672E-8	7.2620E-1	9.9976E+0
2.9550E+2	5.0000E+0	3.0435E-7	4.3291E+0	9.9974E+0	2.1622E-4	-1.7917E+2	9.9976E+0
2.9550E+2	3.0000E+0	6.4856E-4	-1.7917E+2	9.9974E+0	8.5868E-5	-1.7920E+2	9.9976E+0
2.9610E+2	1.0000E+0	2.4386E-3	-1.7914E+2	9.9974E+0	6.0175E-8	6.9608E+1	9.9976E+0
2.9610E+2	5.0000E+0	6.0163E-7	1.1190E+1	9.9974E+0	2.2401E-4	-1.7915E+2	9.9976E+0
2.9610E+2	3.0000E+0	1.2753E-3	-1.7914E+2	9.9974E+0	6.7051E-6	-1.6819E+2	9.9976E+0
2.9670E+2	1.0000E+0	2.2431E-3	-1.7913E+2	9.9974E+0	8.2801E-8	3.6243E+0	9.9976E+0
2.9670E+2	5.0000E+0	3.5732E-7	-5.2197E+0	9.9974E+0	2.1358E-4	-1.7914E+2	9.9976E+0
2.9670E+2	3.0000E+0	7.1412E-4	-1.7914E+2	9.9974E+0	7.7138E-5	-1.7916E+2	9.9976E+0
2.9730E+2	1.0000E+0	2.1066E-3	-1.7913E+2	9.9974E+0	8.1040E-8	2.5887E+1	9.9976E+0
2.9730E+2	5.0000E+0	4.1466E-7	3.0994E+1	9.9974E+0	2.0816E-4	-1.7914E+2	9.9976E+0
2.9730E+2	3.0000E+0	5.2729E-4	-1.7914E+2	9.9974E+0	9.2214E-5	-1.7912E+2	9.9976E+0
2.9790E+2	1.0000E+0	2.0786E-3	-1.7912E+2	9.9974E+0	6.9901E-8	3.6545E+0	9.9976E+0
2.9790E+2	5.0000E+0	4.1733E-7	1.1361E+1	9.9974E+0	2.1221E-4	-1.7914E+2	9.9976E+0
2.9790E+2	3.0000E+0	9.5670E-4	-1.7913E+2	9.9974E+0	2.7105E-5	-1.7917E+2	9.9976E+0
2.9850E+2	1.0000E+0	1.9536E-3	-1.7912E+2	9.9974E+0	1.1355E-7	6.3872E+1	9.9976E+0
2.9850E+2	5.0000E+0	3.3807E-7	1.7092E+1	9.9974E+0	2.0330E-4	-1.7914E+2	9.9976E+0
2.9850E+2	3.0000E+0	6.8913E-4	-1.7911E+2	9.9974E+0	6.3572E-5	-1.7917E+2	9.9976E+0
2.9910E+2	1.0000E+0	1.8934E-3	-1.7913E+2	9.9974E+0	1.2008E-7	4.6630E+1	9.9976E+0
2.9910E+2	5.0000E+0	3.5367E-7	1.9553E+1	9.9974E+0	2.0256E-4	-1.7914E+2	9.9976E+0
2.9910E+2	3.0000E+0	4.8250E-4	-1.7914E+2	9.9974E+0	8.0245E-5	-1.7916E+2	9.9976E+0
2.9970E+2	1.0000E+0	1.8923E-3	-1.7914E+2	9.9974E+0	8.8686E-8	3.0788E+1	9.9976E+0
2.9970E+2	5.0000E+0	3.9404E-7	3.4800E+1	9.9974E+0	2.0701E-4	-1.7915E+2	9.9976E+0
2.9970E+2	3.0000E+0	8.0803E-4	-1.7914E+2	9.9974E+0	3.3758E-5	-1.7916E+2	9.9976E+0
3.0030E+2	1.0000E+0	1.8996E-3	-1.7914E+2	9.9974E+0	7.5524E-8	2.4418E+1	9.9976E+0
3.0030E+2	5.0000E+0	3.4575E-7	1.4024E+1	9.9974E+0	2.1397E-4	-1.7915E+2	9.9976E+0
3.0030E+2	3.0000E+0	7.2774E-4	-1.7914E+2	9.9974E+0	6.0994E-5	-1.7917E+2	9.9976E+0
3.0090E+2	1.0000E+0	1.8893E-3	-1.7915E+2	9.9974E+0	7.4717E-8	9.6693E+1	9.9976E+0
3.0090E+2	5.0000E+0	3.4848E-7	-2.0919E+0	9.9974E+0	2.1079E-4	-1.7916E+2	9.9976E+0
3.0090E+2	3.0000E+0	4.3648E-4	-1.7914E+2	9.9974E+0	9.6924E-5	-1.7915E+2	9.9976E+0
3.0150E+2	1.0000E+0	1.8922E-3	-1.7915E+2	9.9974E+0	7.0940E-8	1.5915E+1	9.9976E+0
3.0150E+2	5.0000E+0	3.4681E-7	7.4664E+0	9.9974E+0	2.1162E-4	-1.7917E+2	9.9976E+0
3.0150E+2	3.0000E+0	6.9675E-4	-1.7914E+2	9.9974E+0	4.3652E-5	-1.7915E+2	9.9976E+0
3.0210E+2	1.0000E+0	1.8312E-3	-1.7914E+2	9.9974E+0	9.5270E-8	5.2928E+1	9.9976E+0
3.0210E+2	5.0000E+0	3.6818E-7	-5.2037E+0	9.9974E+0	2.0915E-4	-1.7916E+2	9.9976E+0
3.0210E+2	3.0000E+0	8.1503E-4	-1.7914E+2	9.9974E+0	3.3785E-5	-1.7919E+2	9.9976E+0
3.0270E+2	1.0000E+0	1.6279E-3	-1.7915E+2	9.9974E+0	7.4196E-8	-1.4907E+1	9.9976E+0
3.0270E+2	5.0000E+0	3.2711E-7	-3.5762E+1	9.9974E+0	1.9126E-4	-1.7916E+2	9.9976E+0
3.0270E+2	3.0000E+0	3.8926E-4	-1.7916E+2	9.9974E+0	8.6210E-5	-1.7920E+2	9.9976E+0
3.0330E+2	1.0000E+0	1.4795E-3	-1.7916E+2	9.9974E+0	9.0743E-8	3.9155E+1	9.9976E+0
3.0330E+2	5.0000E+0	3.5441E-7	6.6049E+0	9.9974E+0	1.7135E-4	-1.7916E+2	9.9976E+0
3.0330E+2	3.0000E+0	4.6378E-4	-1.7916E+2	9.9974E+0	5.6512E-5	-1.7917E+2	9.9976E+0
3.0390E+2	1.0000E+0	1.4919E-3	-1.7914E+2	9.9974E+0	6.9515E-8	2.8237E+1	9.9976E+0
3.0390E+2	5.0000E+0	3.5264E-7	-6.7878E+0	9.9974E+0	1.7300E-4	-1.7914E+2	9.9976E+0
3.0390E+2	3.0000E+0	6.9698E-4	-1.7914E+2	9.9974E+0	2.6753E-5	-1.7921E+2	9.9976E+0
3.0450E+2	1.0000E+0	1.3848E-3	-1.7915E+2	9.9974E+0	8.8743E-8	2.1634E+1	9.9976E+0
3.0450E+2	5.0000E+0	2.8386E-7	2.3245E+1	9.9974E+0	1.5954E-4	-1.7914E+2	9.9976E+0
3.0450E+2	3.0000E+0	3.5301E-4	-1.7914E+2	9.9974E+0	6.0085E-5	-1.7917E+2	9.9976E+0
3.0510E+2	1.0000E+0	1.2640E-3	-1.7913E+2	9.9974E+0	1.8453E-7	-3.5626E+1	9.9976E+0
3.0510E+2	5.0000E+0	3.3013E-7	-1.1119E+1	9.9974E+0	1.4957E-4	-1.7912E+2	9.9976E+0
3.0510E+2	3.0000E+0	3.8007E-4	-1.7913E+2	9.9974E+0	4.6336E-5	-1.7917E+2	9.9976E+0
3.0570E+2	1.0000E+0	1.2665E-3	-1.7912E+2	9.9974E+0	9.1423E-8	-3.9025E+1	9.9976E+0
3.0570E+2	5.0000E+0	3.7356E-7	-4.3145E+0	9.9974E+0	1.4154E-4	-1.7913E+2	9.9976E+0
3.0570E+2	3.0000E+0	6.0577E-4	-1.7914E+2	9.9974E+0	2.0879E-5	-1.7909E+2	9.9976E+0
3.0630E+2	1.0000E+0	1.1768E-3	-1.7910E+2	9.9974E+0	7.4903E-8	4.7336E+1	9.9976E+0
3.0630E+2	5.0000E+0	4.2195E-7	-1.1957E+1	9.9974E+0	1.3411E-4	-1.7910E+2	9.9976E+0
3.0630E+2	3.0000E+0	3.0813E-4	-1.7910E+2	9.9974E+0	6.0038E-5	-1.7911E+2	9.9976E+0
3.0690E+2	1.0000E+0	1.1833E-3	-1.7909E+2	9.9974E+0	6.9142E-8	5.7100E+1	9.9976E+0
3.0690E+2	5.0000E+0	4.8638E-7	-5.8860E+0	9.9974E+0	1.2479E-4	-1.7910E+2	9.9976E+0
3.0690E+2	3.0000E+0	3.0791E-4	-1.7910E+2	9.9974E+0	4.9551E-5	-1.7912E+2	9.9976E+0
3.0750E+2	1.0000E+0	1.3190E-3	-1.7909E+2	9.9974E+0	9.8497E-8	3.3820E+1	9.9976E+0
3.0750E+2	5.0000E+0	4.1949E-7	-2.0222E+1	9.9974E+0	1.3648E-4	-1.7907E+2	9.9976E+0
3.0750E+2	3.0000E+0	6.6355E-4	-1.7910E+2	9.9974E+0	3.5550E-6	-5.6514E+1	9.9976E+0
3.0810E+2	1.0000E+0	1.5504E-3	-1.7908E+2	9.9974E+0	1.2111E-7	3.0688E+1	9.9976E+0
3.0810E+2	5.0000E+0	3.3778E-7	-3.5058E+0	9.9974E+0	1.4237E-4	-1.7907E+2	9.9976E+0
3.0810E+2	3.0000E+0	4.5070E-4	-1.7910E+2	9.9974E+0	5.1803E-5	-1.7909E+2	9.9976E+0
3.0870E+2	1.0000E+0	1.5286E-3	-1.7909E+2	9.9974E+0	9.7674E-8	-1.7748E+1	9.9976E+0
3.0870E+2	5.0000E+0	5.1822E-7	3.4811E+1	9.9974E+0	1.3946E-4	-1.7908E+2	9.9976E+0
3.0870E+2	3.0000E+0	3.6821E-4	-1.7900E+2	9.9974E+0	6.5354E-5	-1.7908E+2	9.9976E+0
3.0930E+2	1.0000E+0	1.7500E-3	-1.7908E+2	9.9974E+0	1.2141E-7	-4.3884E+1	9.9976E+0
3.0930E+2	5.0000E+0	4.4488E-7	1.6568E+1	9.9974E+0	1.4979E-4	-1.7908E+2	9.9976E+0
3.0930E+2	3.0000E+0	7.8183E-4	-1.7909E+2	9.9974E+0	2.9439E-5	-1.7909E+2	9.9976E+0
3.0990E+2	1.0000E+0	1.8990E-3	-1.7909E+2	9.9974E+0	9.6605E-8	3.7483E+1	9.9976E+0
3.0990E+2	5.0000E+0	7.5740E-7	-1.4153E+1	9.9974E+0	1.5890E-4	-1.7908E+2	9.9976E+0
3.0990E+2	3.0000E+0	6.3416E-4	-1.7906E+2	9.9974E+0	5.1971E-5	-1.7908E+2	9.9976E+0
3.1050E+2	1.0000E+0	2.0095E-3	-1.7909E+2	9.9974E+0	1.2395E-7	-9.8165E+1	9.9976E+0
3.1050E+2	5.0000E+0	4.1805E-7	5.4880E+0	9.9974E+0	1.6713E-4	-1.7910E+2	9.9976E+0
3.1050E+2	3.0000E+0	4.8789E-4	-1.7909E+2	9.9974E+0	5.4961E-5	-1.7913E+2	9.9976E+0
3.1110E+2	1.0000E+0	1.9610E-3	-1.7909E+2	9.9974E+0	7.2088E-8	1.5208E+1	9.9976E+0
3.1110E+2	5.0000E+0	4.0533E-7	1.1325E+1	9.9974E+0	1.6848E-4	-1.7909E+2	9.9976E+0
3.1110E+2	3.0000E+0	7.8536E-4	-1.7905E+2	9.9974E+0	3.4443E-5	-1.7903E+2	9.9976E+0
3.1170E+2	1.0000E+0	1.7724E-3	-1.7908E+2	9.9974E+0	1.3035E-7	8.1157E+1	9.9976E+0
3.1170E+2	5.0000E+0	4.2195E-7	3.6139E+0	9.9974E+0	1.7542E-4	-1.7909E+2	9.9976E+0
3.1170E+2	3.0000E+0	6.3817E-4	-1.7909E+2	9.9974E+0	6.4356E-5	-1.7913E+2	9.9976E+0
3.1230E+2	1.0000E+0	1.6035E-3	-1.7908E+2	9.9974E+0	1.2366E-7	1.8300E+1	9.9976E+0
3.1230E+2	5.0000E+0	4.6413E-7	-7.3131E+0	9.9974E+0	1.8036E-4	-1.7909E+2	9.9976E+0
3.1230E+2	3.0000E+0	3.6395E-4	-1.7908E+2	9.9974E+0	8.4221E-5	-1.7911E+2	9.9976E+0
3.1290E+2	1.0000E+0	1.4048E-3	-1.7908E+2	9.9974E+0	1.4775E-7	-1.6401E+1	9.9976E+0
3.1290E+2	5.0000E+0	3.8349E-7	-4.8217E+0	9.9974E+0	1.7695E-4	-1.7909E+2	9.9976E+0
3.1290E+2	3.0000E+0	5.3937E-4	-1.7909E+2	9.9974E+0	3.3567E-5	-1.7915E+2	9.9976E+0
3.1350E+2	1.0000E+0	1.2440E-3	-1.7908E+2	9.9974E+0	9.7674E-8	-5.9350E+0	9.9976E+0
3.1350E+2	5.0000E+0	4.9235E-7	-2.2540E+1	9.9974E+0	1.7474E-4	-1.7910E+2	9.9976E+0
3.1350E+2	3.0000E+0	5.1454E-4	-1.7906E+2	9.9974E+0	2.9433E-5	-1.7908E+2	9.9976E+0
3.1410E+2	1.0000E+0	1.0007E-3	-1.7908E+2	9.9974E+0	1.1837E-7	3.8137E+1	9.9976E+0
3.1410E+2	5.0000E+0	3.5100E-7	1.0015E+1	9.9974E+0	1.7539E-4	-1.7909E+2	9.9976E+0
3.1410E+2	3.0000E+0	2.3399E-4	-1.7909E+2	9.9974E+0	8.0676E-5	-1.7912E+2	9.9976E+0
3.1470E+2	1.0000E+0	9.4855E-4	-1.7908E+2	9.9974E+0	1.1209E-7	5.0480E+1	9.9976E+0
3.1470E+2	5.0000E+0	3.5907E-7	6.5582E+0	9.9974E+0	1.8650E-4	-1.7910E+2	9.9976E+0
3.1470E+2	3.0000E+0	2.9878E-4	-1.7910E+2	9.9974E+0	7.0740E-5	-1.7910E+2	9.9976E+0
3.1530E+2	1.0000E+0	1.0069E-3	-1.7907E+2	9.9974E+0	1.2522E-7	3.0252E+1	9.9976E+0
3.1530E+2	5.0000E+0	6.6286E-7	-3.4242E+1	9.9974E+0	2.3017E-4	-1.7908E+2	9.9976E+0
3.1530E+2	3.0000E+0	4.3749E-4	-1.7911E+2	9.9974E+0	5.0807E-5	-1.7909E+2	9.9976E+0
3.1590E+2	1.0000E+0	8.8685E-4	-1.7907E+2	9.9974E+0	1.0052E-7	3.8992E+1	9.9976E+0
3.1590E+2	5.0000E+0	3.1309E-7	-3.4016E+0	9.9974E+0	2.0708E-4	-1.7910E+2	9.9976E+0
3.1590E+2	3.0000E+0	2.3930E-4	-1.7908E+2	9.9974E+0	6.6222E-5	-1.7907E+2	9.9976E+0
3.1650E+2	1.0000E+0	8.9456E-4	-1.7908E+2	9.9974E+0	1.1562E-7	4.9375E+1	9.9976E+0
3.1650E+2	5.0000E+0	3.6767E-7	7.3970E+0	9.9974E+0	2.0366E-4	-1.7910E+2	9.9976E+0
3.1650E+2	3.0000E+0	2.6154E-4	-1.7909E+2	9.9974E+0	5.7050E-5	-1.7911E+2	9.9976E+0
3.1710E+2	1.0000E+0	9.7614E-4	-1.7908E+2	9.9974E+0	9.5628E-8	4.4563E+1	9.9976E+0
3.1710E+2	5.0000E+0	4.2915E-7	-1.9885E+1	9.9974E+0	2.2877E-4	-1.7909E+2	9.9976E+0
3.1710E+2	3.0000E+0	4.4852E-4	-1.7910E+2	9.9974E+0	4.6854E-5	-1.7911E+2	9.9976E+0
3.2190E+2	1.0000E+0	3.5837E-4	-1.7902E+2	9.9974E+0	1.2442E-7	2.8828E+1	9.9976E+0
3.2190E+2	5.0000E+0	7.7181E-7	-2.0395E+1	9.9974E+0	1.7969E-4	-1.7905E+2	9.9976E+0
3.2190E+2	3.0000E+0	1.1163E-4	-1.7910E+2	9.9974E+0	5.1621E-5	-1.7903E+2	9.9976E+0
3.2250E+2	1.0000E+0	3.5687E-4	-1.7899E+2	9.9974E+0	8.6433E-8	2.8189E+1	9.9976E+0
3.2250E+2	5.0000E+0	4.3456E-7	8.3335E+0	9.9974E+0	2.0551E-4	-1.7902E+2	9.9976E+0
3.2250E+2	3.0000E+0	1.4468E-4	-1.7902E+2	9.9974E+0	4.0104E-5	-1.7908E+2	9.9976E+0
3.2310E+2	1.0000E+0	3.4471E-4	-1.7897E+2	9.9974E+0	9.1030E-8	-5.3211E+0	9.9976E+0
3.2310E+2	5.0000E+0	3.8159E-7	2.1005E+1	9.9974E+0	2.0065E-4	-1.7900E+2	9.9976E+0
3.2310E+2	3.0000E+0	1.1018E-4	-1.7895E+2	9.9974E+0	7.4219E-5	-1.7903E+2	9.9976E+0
3.2370E+2	1.0000E+0	2.8700E-4	-1.7907E+2	9.9974E+0	1.1504E-7	3.0651E+1	9.9976E+0
3.2370E+2	5.0000E+0	6.4941E-7	1.4828E+1	9.9974E+0	1.8713E-4	-1.7904E+2	9.9976E+0
3.2370E+2	3.0000E+0	7.1672E-5	-1.7903E+2	9.9974E+0	8.5610E-5	-1.7905E+2	9.9976E+0
3.2430E+2	1.0000E+0	2.7720E-4	-1.7901E+2	9.9974E+0	1.0557E-7	3.8032E+1	9.9976E+0
3.2430E+2	5.0000E+0	3.7295E-7	2.1116E+0	9.9974E+0	1.7348E-4	-1.7903E+2	9.9976E+0
3.2430E+2	3.0000E+0	1.1184E-4	-1.7902E+2	9.9974E+0	2.9662E-5	-1.7907E+2	9.9976E+0
3.2490E+2	1.0000E+0	3.2608E-4	-1.7900E+2	9.9974E+0	1.0872E-7	-9.0675E+0	9.9976E+0
3.2490E+2	5.0000E+0	3.6778E-7	-5.9991E+0	9.9974E+0	2.1529E-4	-1.7901E+2	9.9976E+0
3.2490E+2	3.0000E+0	1.4331E-4	-1.7901E+2	9.9974E+0	3.6209E-5	-1.7905E+2	9.9976E+0
3.2550E+2	1.0000E+0	3.8927E-4	-1.7898E+2	9.9974E+0	8.2080E-8	2.9286E+1	9.9976E+0
3.2550E+2	5.0000E+0	4.1612E-7	-2.7292E+0	9.9974E+0	2.4677E-4	-1.7899E+2	9.9976E+0
3.2550E+2	3.0000E+0	9.4929E-5	-1.7901E+2	9.9974E+0	1.0869E-4	-1.7902E+2	9.9976E+0
3.2610E+2	1.0000E+0	3.4589E-4	-1.7899E+2	9.9974E+0	1.2503E-7	-3.3882E+1	9.9976E+0
3.2610E+2	5.0000E+0	3.9653E-7	9.2881E+0	9.9974E+0	2.2886E-4	-1.7901E+2	9.9976E+0
3.2610E+2	3.0000E+0	1.0628E-4	-1.7907E+2	9.9974E+0	7.1827E-5	-1.7904E+2	9.9976E+0
3.2670E+2	1.0000E+0	3.2909E-4	-1.7901E+2	9.9974E+0	1.1598E-7	4.5955E+1	9.9976E+0
3.2670E+2	5.0000E+0	4.2950E-7	1.4279E+1	9.9974E+0	2.0602E-4	-1.7901E+2	9.9976E+0
3.2670E+2	3.0000E+0	1.3323E-4	-1.7903E+2	9.9974E+0	4.0455E-5	-1.7905E+2	9.9976E+0
3.2730E+2	1.0000E+0	4.2041E-4	-1.7901E+2	9.9974E+0	7.7069E-8	-1.0430E+1	9.9976E+0
3.2730E+2	5.0000E+0	5.2292E-7	-2.1638E+0	9.9974E+0	2.5134E-4	-1.7902E+2	9.9976E+0
3.2730E+2	3.0000E+0	1.2567E-4	-1.7902E+2	9.9974E+0	8.6019E-5	-1.7901E+2	9.9976E+0
3.2790E+2	1.0000E+0	5.1140E-4	-1.7901E+2	9.9974E+0	1.3244E-7	-5.8734E+0	9.9976E+0
3.2790E+2	5.0000E+0	6.9507E-7	6.6332E+1	9.9974E+0	3.0240E-4	-1.7902E+2	9.9976E+0
3.2790E+2	3.0000E+0	1.7206E-4	-1.7900E+2	9.9974E+0	8.5723E-5	-1.7903E+2	9.9976E+0
3.2850E+2	1.0000E+0	4.6720E-4	-1.7901E+2	9.9974E+0	1.0452E-7	4.8838E+1	9.9976E+0
3.2850E+2	5.0000E+0	3.9447E-7	1.1957E+1	9.9974E+0	2.6226E-4	-1.7903E+2	9.9976E+0
3.2850E+2	3.0000E+0	1.9140E-4	-1.7898E+2	9.9974E+0	4.4982E-5	-1.7903E+2	9.9976E+0
3.2910E+2	1.0000E+0	4.0880E-4	-1.7902E+2	9.9974E+0	8.6440E-8	2.2637E+1	9.9976E+0
3.2910E+2	5.0000E+0	5.1656E-7	1.4860E+1	9.9974E+0	2.3113E-4	-1.7903E+2	9.9976E+0
3.2910E+2	3.0000E+0	1.0584E-4	-1.7902E+2	9.9974E+0	1.0294E-4	-1.7903E+2	9.9976E+0
3.2970E+2	1.0000E+0	5.1226E-4	-1.7901E+2	9.9974E+0	7.7620E-8	9.0167E+1	9.9976E+0
3.2970E+2	5.0000E+0	5.8971E-7	4.6858E+0	9.9974E+0	2.5736E-4	-1.7902E+2	9.9976E+0
3.2970E+2	3.0000E+0	1.3940E-4	-1.7903E+2	9.9974E+0	8.9813E-5	-1.7903E+2	9.9976E+0
